11621
53605
40714
30454
25371
61660
63737
4275
47492
9646
55312
18420
51673
23194
48726
19306
61501
18563
6269
25771
1467
19993
20384
1949
12784
51194
53710
1764
63224
50041
45473
28012
48225
45847
65324
50348
25019
4925
16588
16050
21726
21470
59464
12554
27622
35078
27377
3081
19609
17581
55809
59290
33763
76
50699
25912
62764
55383
40007
62637
60428
18339
64097
4341
41097
34989
5159
16903
16281
18280
53580
12810
46274
9069
53225
61044
18203
61659
48490
8794
12661
47550
12964
15545
23531
51967
23567
46671
16835
60091
37821
5279
27426
35541
49963
36258
6937
64942
60975
59166
25075
33979
59918
4250
30279
25852
43663
9447
28289
60682
7853
47908
25999
44774
42546
23764
2447
52797
17497
24937
10165
40348
55524
34299
11939
21308
35861
11195
56653
7250
57865
61284
33131
33940
29157
8714
45735
2885
21811
52654
24726
57268
3540
16695
9786
26849
54637
25878
3935
16253
12941
16102
36964
12928
60877
23736
12406
26047
26299
21182
63185
29556
7447
56813
50722
5478
33164
38443
33526
23879
47477
49451
52390
5497
38420
52746
43102
61542
10391
12234
19796
42291
58471
48096
9416
45229
26551
53379
31201
57805
47780
26247
35143
7557
1631
51883
63699
24265
35662
9305
59618
10620
34278
43611
3362
47562
421
37729
40561
47515
34559
30235
44143
17246
34795
5646
55471
18653
19928
5319
59482
60975
34483
56682
49334
10363
60569
30901
18666
38539
40881
989
40037
31240
54096
58197
55039
23615
18862
48622
17261
60552
39816
64219
40784
14626
32398
12452
39667
31214
42274
22954
26474
14045
40845
3935
37131
57033
33078
46470
10146
42695
20257
48462
16008
18928
14082
47821
40461
34531
49963
20722
27344
52866
9778
15936
63443
53074
64860
33334
43701
30357
43282
30223
8062
48075
27394
15897
47249
29002
41067
33088
47133
17648
43161
21751
28949
47942
49690
41624
11857
58763
35036
31456
5519
52393
55978
15016
37287
30728
2601
39835
4504
19470
12666
47771
6602
28866
39034
22066
34665
33337
58939
32749
21630
63977
54606
20019
21333
20062
28110
50987
64097
32292
8749
58111
3096
42829
19405
43611
20967
65332
21941
51150
49915
18899
50503
28086
55579
11819
22111
59719
60424
4381
36993
13252
43009
39698
53591
2005
58314
39426
29878
36895
40633
31241
59165
28683
64836
15980
25653
22094
64442
27692
29401
17615
57392
10824
55887
28809
26551
29412
33923
57628
17583
18369
11769
32872
56858
46176
49496
61828
50920
1183
6424
35251
6686
81
41262
2007
41560
32537
60356
60898
23014
5188
60079
38280
41404
31858
49688
36104
23091
30485
25487
27581
30178
43042
39502
63273
26251
25448
25901
6692
62160
65148
22574
14155
15086
41254
59721
51186
26618
61943
39468
59305
15726
24154
44479
27820
25994
52900
50085
60651
18255
4091
16746
41121
50663
7012
50972
27724
52862
9078
10131
38704
49159
15591
2677
20215
49536
53777
49836
14147
7213
27302
13948
60198
53547
46957
25127
45209
25129
6711
57918
14776
13520
58561
41634
24267
64830
25023
53764
21828
11938
2718
19155
17699
57141
30317
61683
56817
46974
64337
62164
61619
8523
22582
17318
17298
49768
14378
3779
6207
32519
61494
53562
58816
31066
29774
26842
58351
19483
25462
59309
28668
44609
63438
45673
24791
46043
8199
12163
54818
31803
38441
38499
18118
42495
13978
47626
56218
48758
31618
41820
57593
53672
59157
38090
7713
37704
27671
30257
40078
29917
58058
29653
13078
39774
12765
51635
31205
37903
43854
46109
33952
1555
56374
29454
24647
25152
41240
19972
16931
50510
9785
56782
7545
16352
51550
20418
58827
29834
53237
19885
44319
48014
3812
7766
34603
38860
63393
1942
15883
27956
50605
2852
28979
55485
34751
34438
19935
22855
34237
50033
14349
53541
40828
3122
7585
50962
1384
48740
55681
50041
29424
12451
46124
6745
30672
5427
18704
23370
33026
36651
40333
19895
6289
8363
9945
12463
9478
21089
39104
8334
63951
52795
18162
21257
31343
11275
28525
59492
56840
56872
7385
37048
16665
14629
17782
15108
58218
9121
5400
35482
61700
28009
51347
21447
2721
28356
25922
58221
29850
25862
51780
11207
12094
65507
57579
1145
4288
58990
63693
47610
56381
17034
61504
521
55892
61800
40470
46445
33618
5646
56146
9119
47332
62412
34193
33038
487
6341
15191
29933
24237
40851
27789
40407
2836
16908
35154
36353
52794
59691
43663
7476
492
38607
28666
29225
65073
59442
4512
4862
3036
60211
48338
65140
60449
45060
24741
62318
42761
29589
35515
57834
63328
47309
1064
7888
56557
24067
34434
33492
44376
7418
19514
39395
15754
52434
64552
34218
18619
49726
45126
5934
11268
21014
45546
58249
1427
32922
13306
697
43386
31480
29770
40770
5147
32006
33459
14060
46946
4425
40088
12642
25810
14497
57590
24200
40657
30928
51653
46282
49224
18604
42486
52471
58976
62742
31093
46777
40315
18078
35115
50025
33960
46034
11680
20046
61913
19204
45688
44675
59777
12065
20795
51447
50743
12578
9577
58761
52338
55851
7340
51796
46159
62570
53888
55632
19216
4601
20755
14182
37014
46157
21411
28256
50739
64377
49047
42556
27774
19956
6932
29449
6458
20243
14421
21589
52598
1762
42652
49006
15046
4412
43672
55153
27958
30362
6840
37546
4786
57072
63084
54677
6190
47295
33793
11675
21788
50171
11723
4715
18218
62540
57113
33033
32468
34941
51678
2377
57721
28630
61916
539
41859
537
42790
7306
11560
48641
62101
23910
39506
15525
29046
7173
21292
2191
62584
52723
14839
15718
34587
34242
1414
9143
4781
21273
49503
47897
16536
27977
50606
57001
23964
56585
15978
25693
63703
26397
483
63852
41045
52560
49248
13637
10161
12105
49197
17285
11828
54736
26655
60439
24363
781
54812
43522
2861
21980
62501
58503
467
53005
48289
26346
60248
53887
15099
32759
5907
25753
59279
5920
47262
3100
8861
51336
47213
57828
10383
14142
34745
32999
2021
11266
12519
23125
3491
27393
10195
57588
13595
730
3631
38187
23434
65074
49780
5584
64294
5873
4395
27191
48267
16702
21410
1245
15632
33980
8715
56676
31877
48861
7238
8437
49607
8440
10758
39737
45910
52095
37712
13571
27733
1054
64350
57771
36573
39507
50211
36495
36607
64569
15962
12757
34368
55088
31550
54399
59894
27855
45118
24694
8237
49068
7223
